20
1 Thalunia 13 19 
2 Rigel-III 22 49
3 Jotunheim 41 31
4 Chandillar 72 31 
5 Svartalfheim 61 71
6 Kyln 40 92
7 Asgard 25 115
8 Xandar 112 12
9 Erde 112 50
10 Hala 101 78
11 Zenn-La 78 108
12 Mekka 138 58
13 Galador 116 130
14 Sakaar 129 102
15 Contraxia 142 31
16 Titan 173 37
17 Taa-II 190 99
18 Gramos 179 131
19 Interdis 215 75
20 Knowhere 221 20
1 2
1 3
2 1
2 3
3 1
3 2
3 4
3 5
4 3
4 5
4 8
5 3
5 4
5 6
5 10
5 11
6 5
6 7
6 11
7 6
7 12
8 4
8 9
9 8
9 10
9 14
9 15
9 19
10 5
10 9
11 5
11 6
11 12
11 14
12 7
12 11
13 14
13 18
14 9
14 11
14 13
14 17
15 9
15 16
16 15
16 19
16 20
17 14
17 19
18 13
18 14
19 9
19 16
19 17
20 16